zero = """
0000000000000000
0000000000000000
0000011111100000
0000011111100000
0001100000011000
0001100000011000
0001100001111000
0001100001111000
0001100110011000
0001100110011000
0001111000011000
0001111000011000
0001100000011000
0001100000011000
0000011111100000
0000011111100000
0000000000000000
0000000000000000"""

one = """
0000000000000000
0000000000000000
0000000110000000
0000000110000000
0000011110000000
0000011110000000
0000000110000000
0000000110000000
0000000110000000
0000000110000000
0000000110000000
0000000110000000
0000000110000000
0000000110000000
0000011111100000
0000011111100000
0000000000000000
0000000000000000"""

two = """
0000000000000000
0000000000000000
0000011111100000
0000011111100000
0001100000011000
0001100000011000
0000000000011000
0000000000011000
0000000001100000
0000000001100000
0000000110000000
0000000110000000
0000011000000000
0000011000000000
0001111111111000
0001111111111000
0000000000000000
0000000000000000"""

three = """
0000000000000000
0000000000000000
0001111111111000
0001111111111000
0000000001100000
0000000001100000
0000000110000000
0000000110000000
0000000001100000
0000000001100000
0000000000011000
0000000000011000
0001100000011000
0001100000011000
0000011111100000
0000011111100000
0000000000000000
0000000000000000"""

four = """
0000000000000000
0000000000000000
0000000001100000
0000000001100000
0000000111100000
0000000111100000
0000011001100000
0000011001100000
0001100001100000
0001100001100000
0001111111111000
0001111111111000
0000000001100000
0000000001100000
0000000001100000
0000000001100000
0000000000000000
0000000000000000"""

five = """
0000000000000000
0000000000000000
0001111111111000
0001111111111000
0001100000000000
0001100000000000
0001111111100000
0001111111100000
0000000000011000
0000000000011000
0000000000011000
0000000000011000
0001100000011000
0001100000011000
0000011111100000
000001111100000
0000000000000000
0000000000000000"""

six = """
0000000000000000
0000000000000000
0000000111100000
0000000111100000
0000011000000000
0000011000000000
0001100000000000
0001100000000000
0001111111100000
0001111111100000
0001100000011000
0001100000011000
0001100000011000
0001100000011000
0000011111100000
0000011111100000
0000000000000000
0000000000000000"""

seven = """
0000000000000000
0000000000000000
0001111111111000
0001111111111000
0001100000011000
0001100000011000
0000000000011000
0000000000011000
0000000001100000
0000000001100000
0000000110000000
0000000110000000
0000000110000000
0000000110000000
0000000110000000
0000000110000000
0000000000000000
0000000000000000"""

eight = """
0000000000000000
0000000000000000
0000011111100000
0000011111100000
0001100000011000
0001100000011000
0001100000011000
0001100000011000
0000011111100000
0000011111100000
0001100000011000
0001100000011000
0001100000011000
0001100000011000
0000011111100000
0000011111100000
0000000000000000
0000000000000000"""

nine = """
0000000000000000
0000000000000000
0000011111100000
0000011111100000
0001100000011000
0001100000011000
0001100000011000
0001100000011000
0000011111111000
0000011111111000
0000000000011000
0000000000011000
0000000001100000
0000000001100000
0000011110000000
0000011110000000
0000000000000000
0000000000000000"""